date,code,open,high,low,close,preclose,volume,amount,pctChg,emotion
2020/1/2,sh.000001,3066.335,3098.1,3066.335,3085.197,3050.124,29247020800,3.27197E+11,1.149888,0.124325
2020/1/3,sh.000001,3089.022,3093.819,3074.517,3083.785,3085.197,26149666816,2.89992E+11,-0.045767,0.099001169
2020/1/6,sh.000001,3070.908,3107.203,3065.308,3083.408,3083.785,31257584128,3.31183E+11,-0.012225,0.099031499
2020/1/7,sh.000001,3085.488,3105.45,3084.329,3104.801,3083.408,27658311168,2.88159E+11,0.69381,0.115503683
2020/1/8,sh.000001,3094.238,3094.238,3059.131,3066.892,3104.801,29787255296,3.06517E+11,-1.22098,0.116125316
2020/1/9,sh.000001,3082.639,3097.329,3080.131,3094.881,3066.892,24343564800,2.71716E+11,0.912618,0.098741308
2020/1/10,sh.000001,3102.293,3105.224,3081.396,3092.29,3094.881,21044246272,2.41556E+11,-0.083719,0.088524001
2020/1/13,sh.000001,3091.493,3115.569,3075.383,3115.569,3092.29,21062100480,2.58524E+11,0.752808,0.097237041
2020/1/14,sh.000001,3120.666,3127.169,3105.604,3106.82,3115.569,22997377024,2.71542E+11,-0.280815,0.083984936
2020/1/15,sh.000001,3103.174,3107.942,3082.042,3090.037,3106.82,20231302400,2.32913E+11,-0.540199,0.118308232
2020/1/16,sh.000001,3095.734,3096.371,3070.884,3074.081,3090.037,20337547520,2.36843E+11,-0.516369,0.131808299
2020/1/17,sh.000001,3081.464,3091.951,3067.252,3075.495,3074.081,19030429952,2.42273E+11,0.045997,0.083474041
2020/1/20,sh.000001,3082.113,3096.31,3070.48,3095.787,3075.495,21049334016,2.71122E+11,0.659796,0.106037868
2020/1/21,sh.000001,3085.789,3085.789,3051.23,3052.141,3095.787,23483073792,2.86268E+11,-1.409852,0.083014446
2020/1/22,sh.000001,3038.486,3069.252,3006.267,3060.754,3052.141,22385286400,2.78457E+11,0.282195,0.099571735
2020/1/23,sh.000001,3037.952,3045.04,2955.346,2976.528,3060.754,27276323328,3.2749E+11,-2.751806,0.120553728
2020/2/3,sh.000001,2716.697,2766.577,2716.697,2746.605,2976.528,21591210240,2.5702E+11,-7.724537,0.083953121
2020/2/4,sh.000001,2685.269,2786.164,2685.269,2783.287,2746.605,36404620032,3.74068E+11,1.33554,0.115246447
2020/2/5,sh.000001,2792.371,2842.742,2778.864,2818.087,2783.287,30976182272,3.49184E+11,1.25032,0.134292278
2020/2/6,sh.000001,2826.885,2876.587,2807.609,2866.509,2818.087,31639214336,3.58583E+11,1.718258,0.092204045
2020/2/7,sh.000001,2858.932,2875.963,2838.77,2875.963,2866.509,30947964160,3.62384E+11,0.329809,0.131442069
2020/2/10,sh.000001,2860.499,2891.847,2851.05,2890.487,2875.963,29492978432,3.4152E+11,0.505013,0.134945442
2020/2/11,sh.000001,2894.541,2913.815,2882.242,2901.674,2890.487,26916833536,3.02957E+11,0.387028,0.114365586
2020/2/12,sh.000001,2895.556,2926.899,2892.424,2926.899,2901.674,24873342976,2.97534E+11,0.869326,0.140941568
2020/2/13,sh.000001,2927.144,2935.406,2901.242,2906.073,2926.899,27480484352,3.34526E+11,-0.711538,0.092258296
2020/2/14,sh.000001,2899.865,2926.942,2899.573,2917.007,2906.073,25065062656,3.0808E+11,0.376247,0.08517182
2020/2/17,sh.000001,2924.991,2983.637,2924.991,2983.622,2917.007,31319800832,3.67014E+11,2.283676,0.115309364
2020/2/18,sh.000001,2981.409,2990.6,2960.775,2984.971,2983.622,31166591232,3.74999E+11,0.045214,0.103900201
2020/2/19,sh.000001,2979.522,2998.271,2971.821,2975.401,2984.971,31514115072,3.81331E+11,-0.320606,0.13634719
2020/2/20,sh.000001,2981.88,3031.37,2968.445,3030.154,2975.401,34573288192,4.13761E+11,1.840189,0.148212352
2020/2/21,sh.000001,3022.245,3058.898,3020.141,3039.669,3030.154,36455727616,4.45062E+11,0.31401,0.098394267
2020/2/24,sh.000001,3027.892,3042.182,3007.355,3031.233,3039.669,37043004416,4.51601E+11,-0.27753,0.108485982
2020/2/25,sh.000001,2982.069,3016.945,2943.716,3013.05,3031.233,44162276096,5.13129E+11,-0.599855,0.105061766
2020/2/26,sh.000001,2978.419,3028.778,2974.942,2987.928,3013.05,46904955136,4.95341E+11,-0.833773,0.097113434
2020/2/27,sh.000001,2992.491,3009.457,2980.477,2991.328,2987.928,35052365824,3.95956E+11,0.113791,0.085829061
2020/2/28,sh.000001,2924.64,2948.126,2878.544,2880.303,2991.328,40121691392,4.32658E+11,-3.711562,0.092903396
2020/3/2,sh.000001,2899.31,2982.506,2899.31,2970.931,2880.303,36733336832,3.97244E+11,3.146475,0.121492859
2020/3/3,sh.000001,3006.888,3026.842,2976.623,2992.896,2970.931,41010804736,4.47054E+11,0.739331,0.099525871
2020/3/4,sh.000001,2981.806,3012.003,2974.358,3011.665,2992.896,35333827840,3.89894E+11,0.627118,0.110394821
2020/3/5,sh.000001,3036.154,3074.257,3022.926,3071.677,3011.665,44542580736,4.8277E+11,1.992652,0.095092879
2020/3/6,sh.000001,3039.939,3052.443,3029.463,3034.511,3071.677,36206153216,3.77389E+11,-1.209958,0.159100471
2020/3/9,sh.000001,2987.1805,2989.2051,2940.7138,2943.2907,3034.5113,41456073600,4.38144E+11,-3.006105,0.085831994
2020/3/10,sh.000001,2918.9347,3000.2963,2904.7989,2996.7618,2943.2907,39329664800,4.25017E+11,1.816711,0.097984517
2020/3/11,sh.000001,3001.7616,3010.0286,2968.5174,2968.5174,2996.7618,35247097000,3.78767E+11,-0.942497,0.090618433
2020/3/12,sh.000001,2936.0163,2944.4651,2906.2838,2923.4856,2968.5174,30777845700,3.28209E+11,-1.516979,0.08047516
2020/3/13,sh.000001,2804.2322,2910.8812,2799.9841,2887.4265,2923.4856,36645043600,3.9302E+11,-1.233428,0.093587077
2020/3/16,sh.000001,2897.3009,2898.0349,2784.6616,2789.2537,2887.4265,35187866500,3.75627E+11,-3.40001,0.081333925
2020/3/17,sh.000001,2796.284,2826.9068,2715.2213,2779.6407,2789.2537,30614967700,3.23013E+11,-0.344644,0.08699445
2020/3/18,sh.000001,2792.3221,2815.8737,2728.7563,2728.7563,2779.6407,29115985200,3.18611E+11,-1.830611,0.079997883
2020/3/19,sh.000001,2719.4063,2736.82,2646.8048,2702.1296,2728.7563,30230274700,3.30518E+11,-0.975782,0.07995246
2020/3/20,sh.000001,2727.0186,2751.8964,2702.4933,2745.6182,2702.1296,25201950700,2.81583E+11,1.609419,0.093628467
2020/3/23,sh.000001,2677.591,2703.3295,2656.5008,2660.1674,2745.6182,24982025000,2.68423E+11,-3.112261,0.085235542
2020/3/24,sh.000001,2703.0193,2723.4066,2667.1333,2722.4381,2660.1674,25702193000,2.78999E+11,2.340856,0.086852604
2020/3/25,sh.000001,2775.3032,2788.6354,2757.8016,2781.5913,2722.4381,27314446600,2.93191E+11,2.172802,0.084821474
2020/3/26,sh.000001,2761.8961,2788.5038,2753.4282,2764.9109,2781.5913,23408402200,2.4828E+11,-0.599671,0.080989569
2020/3/27,sh.000001,2792.9843,2805.5479,2771.7563,2772.2033,2764.9109,24076406600,2.53631E+11,0.263748,0.082434127
2020/3/30,sh.000001,2739.7191,2759.0989,2723.0543,2747.2138,2772.2033,23970660400,2.50687E+11,-0.901431,0.085155841
2020/3/31,sh.000001,2767.3072,2771.1683,2743.1154,2750.2962,2747.2138,21859867400,2.24271E+11,0.112201,0.068889846
2020/4/1,sh.000001,2743.5409,2773.3641,2731.0794,2734.5215,2750.2962,21725342700,2.25625E+11,-0.573564,0.088915646
2020/4/2,sh.000001,2720.2284,2780.6379,2719.9043,2780.6379,2734.5215,21786460000,2.33112E+11,1.686452,0.10060536
2020/4/3,sh.000001,2773.5764,2780.5868,2754.0731,2763.9874,2780.6379,20083740400,2.14062E+11,-0.598801,0.079483871
2020/4/7,sh.000001,2806.9676,2823.2767,2801.8386,2820.7634,2763.9874,27019818600,2.86628E+11,2.054134,0.101174291
2020/4/8,sh.000001,2805.9166,2823.2139,2800.2963,2815.3686,2820.7634,24351530500,2.5316E+11,-0.191253,0.100533968
2020/4/9,sh.000001,2825.8393,2832.395,2820.4326,2825.9036,2815.3686,23818484300,2.47393E+11,0.374196,0.117334551
2020/4/10,sh.000001,2827.1873,2833.0148,2789.9756,2796.6312,2825.9036,23345476800,2.46376E+11,-1.03586,0.19285028
2020/4/13,sh.000001,2784.5979,2792.8906,2774.0808,2783.0476,2796.6312,17712455400,1.8412E+11,-0.485713,0.083076824
2020/4/14,sh.000001,2794.801,2827.2981,2789.4279,2827.283,2783.0476,20269656900,2.23606E+11,1.589459,0.099787142
2020/4/15,sh.000001,2826.6618,2829.7503,2808.7039,2811.1741,2827.283,20562114600,2.31632E+11,-0.569766,0.194149466
2020/4/16,sh.000001,2798.4295,2823.3382,2796.8388,2819.935,2811.1741,20300377300,2.22433E+11,0.311646,0.085143553
2020/4/17,sh.000001,2835.5581,2854.9599,2830.0217,2838.4945,2819.935,24573675000,2.80025E+11,0.658153,0.104109763
2020/4/20,sh.000001,2840.4085,2852.99,2833.2615,2852.5528,2838.4945,21184707800,2.33759E+11,0.495273,0.110196395
2020/4/21,sh.000001,2842.2372,2842.2372,2808.0214,2827.0133,2852.5528,23323587000,2.48689E+11,-0.895321,0.193193372
2020/4/22,sh.000001,2814.0661,2843.9804,2808.4819,2843.9804,2827.0133,21732000000,2.32797E+11,0.600178,0.093492858
2020/4/23,sh.000001,2850.5104,2853.6357,2835.8961,2838.4994,2843.9804,24877903700,2.62662E+11,-0.192723,0.187060315
2020/4/24,sh.000001,2834.9387,2834.9387,2802.4989,2808.5293,2838.4994,23518507600,2.44122E+11,-1.055843,0.086394812
2020/4/27,sh.000001,2812.2422,2832.6662,2802.9579,2815.4947,2808.5293,21013098100,2.25294E+11,0.248009,0.082197009
2020/4/28,sh.000001,2819.9914,2821.745,2758.2459,2810.0243,2815.4947,25387274500,2.70535E+11,-0.194296,0.090010853
2020/4/29,sh.000001,2801.383,2831.7642,2800.7379,2822.4424,2810.0243,20206180700,2.2272E+11,0.441921,0.090961466
2020/4/30,sh.000001,2832.3843,2865.59,2832.3843,2860.0822,2822.4424,24245527800,2.77441E+11,1.33359,0.122435232
2020/5/6,sh.000001,2831.6326,2879.2634,2830.6536,2878.1402,2860.0822,24982661600,3.0389E+11,0.63138,0.104218716
2020/5/7,sh.000001,2876.4727,2882.0222,2864.5813,2871.5232,2878.1402,22673695700,2.68607E+11,-0.229905,0.092701488
2020/5/8,sh.000001,2882.7078,2903.7967,2879.2034,2895.3444,2871.5232,22682207500,2.76563E+11,0.829567,0.103241275
2020/5/11,sh.000001,2901.5739,2914.2838,2884.3806,2894.802,2895.3444,22512041000,2.71931E+11,-0.018734,0.095562148
2020/5/12,sh.000001,2894.6171,2897.9018,2871.23,2891.5564,2894.802,19708298500,2.38476E+11,-0.112118,0.086915586
2020/5/13,sh.000001,2882.9552,2900.2587,2875.5354,2898.0495,2891.5564,18506131000,2.23867E+11,0.224554,0.107718643
2020/5/14,sh.000001,2887.0577,2887.0577,2869.1832,2870.3422,2898.0495,19777620200,2.37337E+11,-0.956067,0.100248336
2020/5/15,sh.000001,2880.7067,2884.2199,2863.3698,2868.4587,2870.3422,18898359200,2.46878E+11,-0.065619,0.082748649
2020/5/18,sh.000001,2872.5244,2889.9795,2862.2709,2875.4176,2868.4587,22602288200,2.8909E+11,0.242601,0.097290258
2020/5/19,sh.000001,2897.6867,2900.2187,2887.5768,2898.576,2875.4176,19722240500,2.56278E+11,0.805393,0.090627631
2020/5/20,sh.000001,2896.4657,2896.4657,2876.1766,2883.7378,2898.576,21051998500,2.69177E+11,-0.511913,0.074310913
2020/5/21,sh.000001,2890.7213,2891.5177,2864.2073,2867.9237,2883.7378,20353203800,2.5057E+11,-0.548389,0.079348741
2020/5/22,sh.000001,2863.0462,2863.0462,2808.0177,2813.7654,2867.9237,20906371200,2.4523E+11,-1.888415,0.218998788
2020/5/25,sh.000001,2816.241,2821.4978,2802.4653,2817.9697,2813.7654,17288555700,2.02115E+11,0.149419,0.113189103
2020/5/26,sh.000001,2827.8967,2848.3371,2825.901,2846.5473,2817.9697,17456236900,2.07428E+11,1.01412,0.228048934
2020/5/27,sh.000001,2847.3198,2848.9965,2831.9281,2836.8036,2846.5473,19814934300,2.27934E+11,-0.342299,0.089425385
2020/5/28,sh.000001,2838.2072,2861.9241,2820.1455,2846.2217,2836.8036,20754601900,2.39234E+11,0.331997,0.086632474
2020/5/29,sh.000001,2835.584,2855.3756,2829.6271,2852.3512,2846.2217,20679280400,2.33799E+11,0.215356,0.110266322
2020/6/1,sh.000001,2871.9641,2917.1508,2871.9641,2915.4311,2852.3512,26019605000,3.07416E+11,2.211505,0.13687067
2020/6/2,sh.000001,2916.3168,2926.3588,2909.1277,2921.398,2915.4311,25610804900,2.94403E+11,0.204666,0.107695048
2020/6/3,sh.000001,2930.3906,2942.7597,2922.6612,2923.3711,2921.398,25566398000,3.00448E+11,0.06754,0.092366088
2020/6/4,sh.000001,2931.8376,2932.9677,2910.7516,2919.2506,2923.3711,22660587300,2.54346E+11,-0.14095,0.079715008
2020/6/5,sh.000001,2923.1891,2930.7993,2909.1181,2930.7993,2919.2506,21736067300,2.53141E+11,0.395605,0.074070148
2020/6/8,sh.000001,2941.9816,2950.0656,2934.2103,2937.7712,2930.7993,23112436000,2.74612E+11,0.237884,0.099786116
2020/6/9,sh.000001,2939.5351,2957.1186,2932.9385,2956.1116,2937.7712,20904858500,2.51415E+11,0.624296,0.095411003
2020/6/10,sh.000001,2951.2784,2951.3298,2934.8428,2943.7525,2956.1116,20792596900,2.43968E+11,-0.418086,0.097975496
2020/6/11,sh.000001,2939.7914,2952.651,2912.1932,2920.8968,2943.7525,23372294700,2.89023E+11,-0.776414,0.11790325
2020/6/12,sh.000001,2876.8029,2930.255,2872.6165,2919.7408,2920.8968,23600864200,2.74322E+11,-0.039577,0.116957927
2020/6/15,sh.000001,2908.2767,2922.5364,2890.0306,2890.0306,2919.7408,24320504600,2.93362E+11,-1.017563,0.108445753
2020/6/16,sh.000001,2912.8251,2931.7791,2909.1341,2931.7493,2890.0306,22331306500,2.70949E+11,1.443538,0.115311181
2020/6/17,sh.000001,2932.6708,2936.6162,2919.0353,2935.873,2931.7493,23465439100,2.78007E+11,0.140657,0.106335907
2020/6/18,sh.000001,2929.8799,2942.8983,2920.1054,2939.3151,2935.873,25869137700,2.89368E+11,0.117243,0.094486358
2020/6/19,sh.000001,2938.7887,2973.3164,2935.8239,2967.6341,2939.3151,26431396100,3.19089E+11,0.963456,0.106543556
2020/6/22,sh.000001,2966.9008,2983.4382,2959.035,2965.2717,2967.6341,26788383400,3.46029E+11,-0.079606,0.105792464
2020/6/23,sh.000001,2960.8875,2972.4025,2949.8469,2970.6203,2965.2717,22521220800,3.05379E+11,0.180375,0.09073716
2020/6/24,sh.000001,2972.9827,2982.9425,2971.2235,2979.5505,2970.6203,21320073200,2.97009E+11,0.300617,0.184045757
2020/6/29,sh.000001,2973.0757,2977.9122,2951.7702,2961.5164,2979.5505,22062272900,2.93886E+11,-0.605262,0.099523982
2020/6/30,sh.000001,2965.1054,2990.8253,2965.1054,2984.6741,2961.5164,21495721400,2.97312E+11,0.781954,0.13292722
2020/7/1,sh.000001,2991.1813,3026.1862,2984.9841,3025.981,2984.6741,27331314000,3.69884E+11,1.383967,0.116145935
2020/7/2,sh.000001,3023.7189,3092.4432,3021.6736,3090.5693,3025.981,39112799600,4.78216E+11,2.134458,0.210172134
2020/7/3,sh.000001,3103.9952,3152.8126,3103.9952,3152.8126,3090.5693,45879385100,5.35489E+11,2.013975,0.138985472
2020/7/6,sh.000001,3187.8393,3337.2723,3187.8393,3332.8807,3152.8126,64387890600,7.24154E+11,5.711348,0.151424207
2020/7/7,sh.000001,3380.9536,3407.0811,3336.2416,3345.3369,3332.8807,65784015900,7.93638E+11,0.373737,0.29814075
2020/7/8,sh.000001,3337.5518,3421.5312,3327.7062,3403.4401,3345.3369,58708168500,6.96808E+11,1.736842,0.192007076
2020/7/9,sh.000001,3403.4832,3456.9721,3393.6379,3450.5935,3403.4401,62000182300,7.51407E+11,1.385463,0.158478029
2020/7/10,sh.000001,3418.9347,3433.1085,3372.5066,3383.3222,3450.5935,55612001100,7.03198E+11,-1.949557,0.125935398
2020/7/13,sh.000001,3379.3867,3458.7914,3369.0378,3443.2863,3383.3222,55800687500,7.17397E+11,1.772344,0.111362083
2020/7/14,sh.000001,3435.0237,3451.2224,3366.0828,3414.6186,3443.2863,54321149200,7.07327E+11,-0.832568,0.250385063
2020/7/15,sh.000001,3422.0778,3432.4506,3345.7488,3361.3044,3414.6186,49203054200,6.74727E+11,-1.561352,0.088161492
2020/7/16,sh.000001,3356.359,3373.5317,3209.7272,3210.0986,3361.3044,49061312300,6.79468E+11,-4.498426,0.079786133
2020/7/17,sh.000001,3214.4022,3252.7786,3181.2745,3214.1287,3210.0986,35965241300,4.86536E+11,0.125544,0.092982198
2020/7/20,sh.000001,3243.9105,3314.149,3220.684,3314.149,3214.1287,41855530600,5.44046E+11,3.111895,0.113874236
2020/7/21,sh.000001,3330.5467,3336.6791,3300.5719,3320.8947,3314.149,35925202900,4.88862E+11,0.203542,0.098506497
2020/7/22,sh.000001,3315.1816,3381.9757,3311.7862,3333.1635,3320.8947,39333533500,5.40577E+11,0.369443,0.100252767
2020/7/23,sh.000001,3306.1489,3336.3002,3257.8269,3325.1102,3333.1635,40704249900,5.46887E+11,-0.241611,0.112219894
2020/7/24,sh.000001,3310.6449,3319.1268,3184.9645,3196.7684,3325.1102,42705402600,5.84312E+11,-3.859776,0.088339327
2020/7/27,sh.000001,3210.3863,3221.9846,3174.6583,3205.2268,3196.7684,29931902100,4.02232E+11,0.264592,0.086828655
2020/7/28,sh.000001,3226.1329,3245.2967,3208.4939,3227.9604,3205.2268,28937786100,3.89874E+11,0.709267,0.078001107
2020/7/29,sh.000001,3221.9883,3294.5521,3209.9902,3294.5521,3227.9604,32492406200,4.53094E+11,2.062965,0.153169432
2020/7/30,sh.000001,3299.5718,3312.4508,3282.1617,3286.822,3294.5521,34070412100,4.76974E+11,-0.234633,0.185389147
2020/7/31,sh.000001,3280.7959,3333.7859,3261.6135,3310.0065,3286.822,35375897900,4.95778E+11,0.705377,0.15237298
2020/8/3,sh.000001,3332.1826,3368.1028,3327.6773,3367.9658,3310.0065,40746086700,5.72431E+11,1.751033,0.10729113
2020/8/4,sh.000001,3376.4402,3391.0743,3352.5017,3371.6875,3367.9658,44232855100,6.04942E+11,0.110503,0.10703139
2020/8/5,sh.000001,3363.3324,3383.6365,3333.877,3377.5648,3371.6875,38582302700,5.26515E+11,0.174313,0.105706012
2020/8/6,sh.000001,3380.7621,3392.7048,3334.3341,3386.4631,3377.5648,41530251000,5.70488E+11,0.263453,0.095290374
2020/8/7,sh.000001,3370.5878,3374.133,3307.7127,3354.0352,3386.4631,40392963300,5.61436E+11,-0.957574,0.09619558
2020/8/10,sh.000001,3341.5276,3399.9323,3335.0427,3379.2524,3354.0352,38137963000,5.27084E+11,0.751847,0.098179411
2020/8/11,sh.000001,3379.4874,3409.0589,3336.0945,3340.29,3379.2524,40045270600,5.14021E+11,-1.152989,0.082332408
2020/8/12,sh.000001,3327.4929,3335.729,3263.2653,3319.2656,3340.29,37832895900,4.80731E+11,-0.629418,0.092046423
2020/8/13,sh.000001,3328.1754,3338.1518,3309.4629,3320.7261,3319.2656,32429127800,3.87162E+11,0.044001,0.095948033
2020/8/14,sh.000001,3315.6687,3362.0267,3302.7357,3360.0988,3320.7261,30599837600,3.67467E+11,1.185665,0.084901666
2020/8/17,sh.000001,3373.9018,3450.8987,3369.3742,3438.801,3360.0988,43459826000,5.37425E+11,2.342259,0.11810864
2020/8/18,sh.000001,3441.9337,3456.7206,3432.6402,3451.0894,3438.801,38072927500,4.93052E+11,0.357345,0.103727967
2020/8/19,sh.000001,3444.5646,3454.4613,3406.1642,3408.1288,3451.0894,40572221400,4.98262E+11,-1.244842,0.092291856
2020/8/20,sh.000001,3385.9645,3394.557,3352.7767,3363.8988,3408.1288,33560098200,4.01816E+11,-1.29778,0.084243774
2020/8/21,sh.000001,3380.2269,3393.9175,3358.0005,3380.6825,3363.8988,28748834000,3.61282E+11,0.498936,0.080810217
2020/8/24,sh.000001,3391.1132,3396.5663,3368.0258,3385.6383,3380.6825,26622784100,3.45683E+11,0.146592,0.10082732
2020/8/25,sh.000001,3392.8797,3408.8697,3364.1602,3373.5781,3385.6383,27711342100,3.55998E+11,-0.356216,0.082303124
2020/8/26,sh.000001,3371.8083,3382.6032,3320.1355,3329.7388,3373.5781,29445103600,3.81929E+11,-1.29949,0.073658
2020/8/27,sh.000001,3333.4909,3351.8324,3312.9859,3350.1128,3329.7388,23709935300,3.17153E+11,0.61188,0.085383133
2020/8/28,sh.000001,3346.2893,3405.8768,3339.6494,3403.8066,3350.1128,27132554900,3.79367E+11,1.602746,0.0971453
2020/8/31,sh.000001,3416.5497,3442.7363,3395.4675,3395.6775,3403.8066,32347389000,4.3693E+11,-0.238824,0.09419816
2020/9/1,sh.000001,3389.7424,3410.6068,3381.7108,3410.6068,3395.6775,24699924900,3.26851E+11,0.439656,0.097649134
2020/9/2,sh.000001,3420.4693,3421.3959,3377.2111,3404.8017,3410.6068,26154631900,3.45639E+11,-0.170207,0.081827983
2020/9/3,sh.000001,3404.0319,3425.6294,3374.2634,3384.9806,3404.8017,25534627900,3.50707E+11,-0.582151,0.077160785
2020/9/4,sh.000001,3336.4076,3360.1061,3328.5518,3355.3666,3384.9806,22163655000,3.0818E+11,-0.874865,0.101164591
2020/9/7,sh.000001,3349.9184,3368.2446,3285.6326,3292.5907,3355.3666,26061656700,3.57726E+11,-1.87091,0.078767947
2020/9/8,sh.000001,3301.2173,3324.3929,3276.4431,3316.417,3292.5907,27106627800,3.2023E+11,0.723634,0.085346155
2020/9/9,sh.000001,3280.9974,3289.6148,3238.5606,3254.6279,3316.417,35150974700,3.41055E+11,-1.863128,0.092439701
2020/9/10,sh.000001,3282.232,3285.4731,3227.6435,3234.8234,3254.6279,31247280400,3.09677E+11,-0.608503,0.074813411
2020/9/11,sh.000001,3225.7836,3262.4976,3220.5363,3260.3461,3234.8234,22169883000,2.54845E+11,0.788998,0.100281148
2020/9/14,sh.000001,3275.9181,3283.5325,3261.1479,3278.8138,3260.3461,21392413700,2.6922E+11,0.566434,0.074400467
2020/9/15,sh.000001,3277.1284,3297.6904,3263.7522,3295.6795,3278.8138,19768440000,2.51764E+11,0.514384,0.090931444
2020/9/16,sh.000001,3293.1678,3302.4556,3271.075,3283.9244,3295.6795,20044336400,2.42271E+11,-0.356682,0.217475112
2020/9/17,sh.000001,3277.3238,3290.4094,3248.499,3270.435,3283.9244,20293197200,2.79311E+11,-0.410771,0.07921992
2020/9/18,sh.000001,3270.911,3338.3243,3268.526,3338.0897,3270.435,25626078800,3.37026E+11,2.068676,0.122035569
2020/9/21,sh.000001,3348.8988,3350.5893,3313.0714,3316.9351,3338.0897,21650309300,2.87691E+11,-0.633734,0.084961129
2020/9/22,sh.000001,3290.6656,3320.2278,3265.7025,3274.3015,3316.9351,21401506500,2.69113E+11,-1.285331,0.080740049
2020/9/23,sh.000001,3278.8358,3289.7624,3264.8907,3279.7105,3274.3015,16917806800,2.40742E+11,0.165196,0.087794228
2020/9/24,sh.000001,3262.879,3265.3451,3221.2365,3223.1764,3279.7105,20673601100,2.5826E+11,-1.723753,0.076036453
2020/9/25,sh.000001,3234.3739,3239.4662,3208.0349,3219.4179,3223.1764,16482241900,2.20674E+11,-0.116609,0.155949335
2020/9/28,sh.000001,3224.9769,3238.1825,3210.8925,3217.5346,3219.4179,15598278300,2.09672E+11,-0.058498,0.071792195
2020/9/29,sh.000001,3231.8551,3242.7937,3219.7902,3224.3593,3217.5346,15134987000,2.07308E+11,0.21211,0.099877813
2020/9/30,sh.000001,3232.7104,3244.9134,3202.3435,3218.0521,3224.3593,15350445700,2.05763E+11,-0.195611,0.187625723
2020/10/9,sh.000001,3262.6105,3280.5124,3260.1873,3272.0762,3218.0521,18832564800,2.64171E+11,1.678783,0.111297675
2020/10/12,sh.000001,3287.3281,3359.1526,3286.1111,3358.4652,3272.0762,25962240800,3.557E+11,2.640189,0.090361397
2020/10/13,sh.000001,3353.1213,3361.8315,3334.4989,3359.7499,3358.4652,20492610300,2.88506E+11,0.038253,0.109880497
2020/10/14,sh.000001,3353.6247,3353.6247,3332.9635,3340.7782,3359.7499,19865938200,2.8116E+11,-0.564676,0.090164457
2020/10/15,sh.000001,3342.9222,3354.5784,3330.0014,3332.1832,3340.7782,19103128200,2.63849E+11,-0.257275,0.093566507
2020/10/16,sh.000001,3334.4568,3348.9543,3319.11,3336.3582,3332.1832,19429542100,2.53448E+11,0.125293,0.085744389
2020/10/19,sh.000001,3351.0961,3371.0862,3307.8407,3312.6671,3336.3582,21230354000,2.83883E+11,-0.710089,0.084789804
2020/10/20,sh.000001,3307.1498,3328.1029,3293.7662,3328.1029,3312.6671,16508476200,2.27823E+11,0.465963,0.093454115
2020/10/21,sh.000001,3332.147,3332.147,3304.1693,3325.0247,3328.1029,17763211500,2.46848E+11,-0.092491,0.070577899
2020/10/22,sh.000001,3315.8206,3320.8787,3281.3662,3312.5005,3325.0247,16594998700,2.36428E+11,-0.376665,0.081901059
2020/10/23,sh.000001,3308.1581,3326.0489,3276.6197,3277.9972,3312.5005,17420898200,2.49913E+11,-1.041609,0.079812379
2020/10/26,sh.000001,3258.7028,3264.4464,3226.6018,3251.1188,3277.9972,16773179500,2.35462E+11,-0.819964,0.081246518
2020/10/27,sh.000001,3240.7395,3258.3369,3235.5443,3254.3157,3251.1188,14911556600,2.17487E+11,0.098332,0.088067177
2020/10/28,sh.000001,3256.2225,3275.8714,3238.382,3269.238,3254.3157,17318196500,2.56213E+11,0.458539,0.08334373
2020/10/29,sh.000001,3235.7647,3289.7655,3231.1243,3272.7274,3269.238,18470358900,2.78606E+11,0.106734,0.113136593
2020/10/30,sh.000001,3278.6312,3279.8563,3219.4216,3224.5325,3272.7274,23018880300,3.28917E+11,-1.472622,0.080582003
2020/11/2,sh.000001,3228.715,3242.8041,3209.9094,3225.1196,3224.5325,22677913700,3.25322E+11,0.018207,0.120727533
2020/11/3,sh.000001,3239.8063,3278.3806,3237.8539,3271.0744,3225.1196,21529786400,3.0373E+11,1.424902,0.145778833
2020/11/4,sh.000001,3273.4326,3286.6212,3254.1113,3277.4402,3271.0744,18851412800,2.70724E+11,0.194609,0.075298925
2020/11/5,sh.000001,3305.5798,3320.408,3291.6,3320.1333,3277.4402,22680146200,3.16293E+11,1.302636,0.116490061
2020/11/6,sh.000001,3326.4645,3326.4645,3292.1507,3312.159,3320.1333,23486413200,3.25485E+11,-0.24018,0.210273828
2020/11/9,sh.000001,3329.4285,3380.8235,3329.4285,3373.7337,3312.159,31021977100,4.29949E+11,1.85905,0.109413019
2020/11/10,sh.000001,3387.6219,3387.6219,3346.1715,3360.1485,3373.7337,27870111300,3.90008E+11,-0.402676,0.084270961
2020/11/11,sh.000001,3354.0247,3365.836,3339.0407,3342.2025,3360.1485,27120465300,3.55802E+11,-0.534084,0.087904022
2020/11/12,sh.000001,3344.4562,3350.2848,3329.485,3338.6788,3342.2025,21650130900,2.86927E+11,-0.10543,0.088445738
2020/11/13,sh.000001,3327.2293,3327.2293,3291.6425,3310.1046,3338.6788,22789836400,3.01528E+11,-0.855854,0.100708762
2020/11/16,sh.000001,3325.6209,3346.9692,3313.6469,3346.9692,3310.1046,27959376100,3.33751E+11,1.113699,0.109063775
2020/11/17,sh.000001,3347.1513,3347.6979,3323.9506,3339.895,3346.9692,28363247900,3.53623E+11,-0.211361,0.097403262
2020/11/18,sh.000001,3337.3315,3358.8938,3333.9916,3347.3034,3339.895,28753125900,3.58745E+11,0.221815,0.0929102
2020/11/19,sh.000001,3339.0864,3367.3328,3330.4496,3363.0876,3347.3034,25326299200,3.1952E+11,0.47155,0.110715955
2020/11/20,sh.000001,3359.5966,3380.1489,3356.3086,3377.7267,3363.0876,26127121900,3.1266E+11,0.435288,0.106407802
2020/11/23,sh.000001,3384.1039,3431.6529,3377.9862,3414.4899,3377.7267,37387204700,4.31504E+11,1.088401,0.107514892
2020/11/24,sh.000001,3407.4087,3413.9263,3396.2436,3402.8225,3414.4899,30099414400,3.59506E+11,-0.341703,0.095519596
2020/11/25,sh.000001,3417.515,3423.4853,3362.3274,3362.3274,3402.8225,32211020700,3.83478E+11,-1.190044,0.086172803
2020/11/26,sh.000001,3360.0609,3371.4537,3344.2822,3369.7334,3362.3274,25588682200,3.17309E+11,0.220264,0.088406408
2020/11/27,sh.000001,3373.8434,3408.3071,3364.4919,3408.3071,3369.7334,28064989400,3.2607E+11,1.144711,0.083896521
2020/11/30,sh.000001,3418.1583,3456.7365,3391.7551,3391.7551,3408.3071,38498996800,4.54501E+11,-0.485637,0.105828568
2020/12/1,sh.000001,3388.9867,3457.6354,3386.9113,3451.9384,3391.7551,31618898000,3.85251E+11,1.7744,0.117696572
2020/12/2,sh.000001,3453.5181,3465.7288,3435.8712,3449.3805,3451.9384,31281111400,3.83341E+11,-0.0741,0.09746176
2020/12/3,sh.000001,3448.5403,3452.1612,3428.8044,3442.1359,3449.3805,29845993000,3.52422E+11,-0.210026,0.087832459
2020/12/4,sh.000001,3436.7291,3448.4036,3417.0484,3444.5814,3442.1359,25627670500,3.29393E+11,0.071046,0.09607685
2020/12/7,sh.000001,3446.6478,3449.5782,3414.3142,3416.6037,3444.5814,25452250800,3.36837E+11,-0.812224,0.074913829
2020/12/8,sh.000001,3417.6936,3428.6618,3403.0263,3410.1771,3416.6037,22690732800,3.04635E+11,-0.188099,0.118053906
2020/12/9,sh.000001,3416.0782,3422.536,3371.9156,3371.964,3410.1771,26074742400,3.39318E+11,-1.120561,0.073628376
2020/12/10,sh.000001,3365.731,3384.8875,3357.7531,3373.2758,3371.964,24730830400,3.21616E+11,0.038903,0.079302653
2020/12/11,sh.000001,3381.008,3383.1783,3325.172,3347.191,3373.2758,29861715800,3.79849E+11,-0.773278,0.073436151
2020/12/14,sh.000001,3349.534,3371.1291,3338.6263,3369.1201,3347.191,23980792600,3.16229E+11,0.655149,0.089847583
2020/12/15,sh.000001,3366.5813,3373.5579,3348.4192,3367.2326,3369.1201,22566740200,3.1529E+11,-0.056024,0.089810169
2020/12/16,sh.000001,3371.2632,3378.6626,3359.1705,3366.9832,3367.2326,22081397600,3.08823E+11,-0.007407,0.07108565
2020/12/17,sh.000001,3367.277,3406.1547,3354.0112,3404.8732,3366.9832,27546363100,3.6474E+11,1.12534,0.086687481
2020/12/18,sh.000001,3400.4855,3413.8134,3382.7508,3394.896,3404.8732,28099264100,3.54027E+11,-0.293027,0.071494482
2020/12/21,sh.000001,3394.3945,3423.6088,3381.1158,3420.5693,3394.896,28375979400,3.83899E+11,0.756232,0.110413473
2020/12/22,sh.000001,3410.9678,3415.7538,3353.8581,3356.7822,3420.5693,32303765400,4.322E+11,-1.864809,0.086720423
2020/12/23,sh.000001,3362.4721,3394.2089,3360.2019,3382.3195,3356.7822,29952352700,4.13255E+11,0.760767,0.08255526
2020/12/24,sh.000001,3382.193,3394.0746,3354.0215,3363.1133,3382.3195,27504445000,3.63321E+11,-0.567841,0.078492029
2020/12/25,sh.000001,3351.7901,3397.0066,3348.3453,3396.5626,3363.1133,29454689500,3.59094E+11,0.994593,0.104433728
2020/12/28,sh.000001,3396.359,3412.5193,3383.654,3397.2854,3396.5626,31618154200,3.9816E+11,0.02128,0.08287652
2020/12/29,sh.000001,3399.2939,3407.0884,3376.0876,3379.0362,3397.2854,31176918500,3.82103E+11,-0.53717,0.084934157
2020/12/30,sh.000001,3375.0086,3414.4539,3374.4156,3414.4527,3379.0362,29102354300,3.77542E+11,1.048124,0.097348397
2020/12/31,sh.000001,3419.7267,3474.9182,3419.7267,3473.0693,3414.4527,33567392600,4.50482E+11,1.71672,0.125586765
2021/1/4,sh.000001,3474.6793,3511.6554,3457.2061,3502.9584,3473.0693,38079080000,5.23368E+11,0.860596,0.117658479
2021/1/5,sh.000001,3492.1912,3528.6767,3484.7151,3528.6767,3502.9584,40799593400,5.68019E+11,0.734188,0.096745725
2021/1/6,sh.000001,3530.9072,3556.8022,3513.1262,3550.8767,3528.6767,37023092600,5.218E+11,0.629131,0.111060062
2021/1/7,sh.000001,3552.9087,3576.2046,3526.6174,3576.2046,3550.8767,40534822600,5.4571E+11,0.713286,0.07170656
2021/1/8,sh.000001,3577.6923,3588.0625,3544.8912,3570.1082,3576.2046,34555789600,5.02171E+11,-0.170471,0.096864426
2021/1/11,sh.000001,3571.3212,3597.7022,3516.9862,3531.4978,3570.1082,36247915400,5.26896E+11,-1.081491,0.086537704
2021/1/12,sh.000001,3518.0106,3608.3389,3517.4689,3608.3389,3531.4978,32340615300,4.85771E+11,2.175878,0.08965696
2021/1/13,sh.000001,3613.281,3622.3475,3575.5945,3598.6518,3608.3389,38812779100,5.54853E+11,-0.268464,0.089973878
2021/1/14,sh.000001,3584.9324,3599.0584,3559.6001,3565.9046,3598.6518,34766681900,5.11325E+11,-0.909985,0.089004177
2021/1/15,sh.000001,3566.2847,3589.2655,3533.7882,3566.3778,3565.9046,32461274400,4.80344E+11,0.01327,0.076029732
2021/1/18,sh.000001,3554.7977,3608.7665,3544.2614,3596.2237,3566.3778,30165256500,4.51741E+11,0.836869,0.084858402
2021/1/19,sh.000001,3596.3564,3603.1477,3553.0236,3566.3814,3596.2237,32343954100,4.67403E+11,-0.829823,0.156381391
2021/1/20,sh.000001,3564.121,3589.9624,3556.4425,3583.092,3566.3814,27227166100,3.97145E+11,0.468559,0.094802147
2021/1/21,sh.000001,3590.9247,3636.2444,3585.8017,3621.2641,3583.092,32746699500,4.69855E+11,1.06534,0.107427099
2021/1/22,sh.000001,3616.5401,3616.5401,3585.0339,3606.7496,3621.2641,32446308400,4.85452E+11,-0.400813,0.123473773
2021/1/25,sh.000001,3605.3611,3637.1002,3591.0204,3624.2381,3606.7496,32734107000,5.27257E+11,0.484883,0.073183144
2021/1/26,sh.000001,3610.9686,3610.9686,3564.7415,3569.429,3624.2381,27813988400,4.36327E+11,-1.512293,0.088415153
2021/1/27,sh.000001,3567.5485,3578.7968,3546.492,3573.3412,3569.429,26410716100,3.9627E+11,0.109603,0.075004458
2021/1/28,sh.000001,3534.6685,3549.544,3496.8788,3505.1759,3573.3412,27086246100,3.91574E+11,-1.907607,0.084634875
2021/1/29,sh.000001,3521.7175,3531.5981,3446.5471,3483.0692,3505.1759,29366266400,4.16529E+11,-0.630687,0.073863805
2021/2/1,sh.000001,3477.1715,3506.3889,3469.875,3505.2836,3483.0692,27756790100,3.71473E+11,0.637782,0.084296435
2021/2/2,sh.000001,3510.8084,3535.502,3495.5681,3533.6849,3505.2836,26454063000,3.84128E+11,0.810243,0.079408258
2021/2/3,sh.000001,3531.149,3544.0092,3508.5069,3517.308,3533.6849,29735171600,4.13731E+11,-0.463451,0.093147827
2021/2/4,sh.000001,3503.7785,3524.7219,3465.7706,3501.8592,3517.308,29883485400,4.18743E+11,-0.439222,0.143321375
2021/2/5,sh.000001,3509.4874,3536.5417,3492.9624,3496.3329,3501.8592,29014617400,3.97392E+11,-0.15781,0.080319612
2021/2/8,sh.000001,3504.5631,3542.2075,3492.1286,3532.4467,3496.3329,24979961900,3.59187E+11,1.032905,0.079999561
2021/2/9,sh.000001,3539.7726,3604.0112,3528.6755,3603.489,3532.4467,25382176000,3.71568E+11,2.011136,0.15810885
2021/2/10,sh.000001,3612.6125,3662.7655,3612.5049,3655.088,3603.489,25794082400,3.92643E+11,1.431918,0.212665847
2021/2/18,sh.000001,3721.0865,3731.687,3663.6637,3675.3571,3655.088,34030906500,4.83547E+11,0.554545,0.121221837
2021/2/19,sh.000001,3661.7834,3699.6502,3634.0149,3696.168,3675.3571,36105980400,4.8499E+11,0.566228,0.285316897
2021/2/22,sh.000001,3707.1912,3717.2669,3642.4449,3642.4449,3696.168,48882147800,5.99323E+11,-1.453481,0.079404179
2021/2/23,sh.000001,3617.7013,3672.1511,3617.7013,3636.3573,3642.4449,39887317400,4.79632E+11,-0.16713,0.087723904
2021/2/24,sh.000001,3638.9359,3645.6474,3531.5936,3564.0799,3636.3573,36215895200,4.8443E+11,-1.987632,0.08185985
2021/2/25,sh.000001,3595.5424,3608.5568,3568.4735,3585.0458,3564.0799,36623229900,4.44735E+11,0.588256,0.090810469
2021/2/26,sh.000001,3514.5648,3550.4055,3500.7036,3509.0804,3585.0458,33328006700,4.24486E+11,-2.118952,0.098664355
2021/3/1,sh.000001,3531.4802,3552.5665,3511.9888,3551.3998,3509.0804,31548752600,4.02477E+11,1.205997,0.100666205
2021/3/2,sh.000001,3566.852,3566.852,3485.3635,3508.5912,3551.3998,33983048600,4.2768E+11,-1.205401,0.08291675
2021/3/3,sh.000001,3500.1576,3577.6218,3498.7192,3576.9045,3508.5912,34765684600,4.1549E+11,1.947029,0.101085286
2021/3/4,sh.000001,3546.6406,3552.2024,3487.3757,3503.4916,3576.9045,39361612000,4.62234E+11,-2.052414,0.080960184
2021/3/5,sh.000001,3463.3086,3523.5682,3456.6668,3501.9867,3503.4916,35640922300,4.0885E+11,-0.042954,0.102334707
2021/3/8,sh.000001,3524.983,3542.3039,3421.2153,3421.4141,3501.9867,38704795400,4.53859E+11,-2.300768,0.090524261
2021/3/9,sh.000001,3415.3391,3429.1503,3328.3119,3359.292,3421.4141,40765253900,4.56196E+11,-1.815685,0.082101538
2021/3/10,sh.000001,3389.8388,3397.0251,3354.823,3357.7372,3359.292,29974916600,3.39572E+11,-0.046284,0.078846832
2021/3/11,sh.000001,3369.9024,3436.8313,3369.9024,3436.8313,3357.7372,32211204400,3.69805E+11,2.355577,0.104114446
2021/3/12,sh.000001,3447.2033,3454.5064,3417.2389,3453.0777,3436.8313,35802703500,3.81964E+11,0.472715,0.093468571
2021/3/15,sh.000001,3441.882,3457.4892,3392.5089,3419.9456,3453.0777,36781329300,3.81646E+11,-0.959495,0.086241478
2021/3/16,sh.000001,3424.6524,3448.8829,3406.1746,3446.7334,3419.9456,31666874700,3.32388E+11,0.783281,0.08678691
2021/3/17,sh.000001,3435.7319,3454.0562,3410.2815,3445.5509,3446.7334,28005981800,3.0663E+11,-0.034308,0.08726211
2021/3/18,sh.000001,3449.6413,3478.1447,3449.3774,3463.0681,3445.5509,28440389100,3.16529E+11,0.508401,0.081429672
2021/3/19,sh.000001,3423.8733,3439.5236,3389.2929,3404.6634,3463.0681,30916171600,3.39992E+11,-1.686502,0.097408009
2021/3/22,sh.000001,3406.1227,3443.6596,3404.2341,3443.4392,3404.6634,31255908400,3.32535E+11,1.138903,0.104668027
2021/3/23,sh.000001,3445.3408,3445.4159,3390.0477,3411.5088,3443.4392,32638940900,3.43477E+11,-0.927282,0.100613918
2021/3/24,sh.000001,3394.1283,3415.2949,3362.1847,3367.0606,3411.5088,31739869700,3.448E+11,-1.30289,0.165380708
2021/3/25,sh.000001,3355.0706,3382.226,3344.9695,3363.5915,3367.0606,27067609700,2.90223E+11,-0.103031,0.098584788
2021/3/26,sh.000001,3373.3171,3423.2231,3373.3171,3418.3267,3363.5915,27461498700,3.22409E+11,1.627284,0.104539491
2021/3/29,sh.000001,3429.6322,3449.8338,3409.8868,3435.2958,3418.3267,28482424300,3.27944E+11,0.496415,0.100339046
2021/3/30,sh.000001,3432.5288,3457.6345,3423.3154,3456.6766,3435.2958,28542308100,3.31626E+11,0.622386,0.091665545
2021/3/31,sh.000001,3452.2078,3452.2078,3420.8321,3441.9115,3456.6766,28304926100,3.14174E+11,-0.427147,0.090077493
2021/4/1,sh.000001,3444.8102,3470.0311,3438.8255,3466.3315,3441.9115,27524429500,2.92652E+11,0.709489,0.091069389
2021/4/2,sh.000001,3472.6276,3487.5862,3462.8321,3484.3924,3466.3315,26265487300,3.17953E+11,0.521038,0.083739047
2021/4/6,sh.000001,3491.6336,3493.2806,3471.761,3482.9674,3484.3924,23474667100,2.8633E+11,-0.040897,0.087318951
2021/4/7,sh.000001,3483.4211,3483.4211,3453.1947,3479.6256,3482.9674,29578697800,3.23651E+11,-0.095947,0.085645652
2021/4/8,sh.000001,3467.4871,3495.9086,3459.3246,3482.5548,3479.6256,33175532900,3.48011E+11,0.084181,0.097513512
2021/4/9,sh.000001,3475.4434,3475.4467,3442.1392,3450.6772,3482.5548,28008519600,3.06422E+11,-0.915351,0.073446254
2021/4/12,sh.000001,3445.9696,3456.1581,3403.9012,3412.9477,3450.6772,30957723900,3.3889E+11,-1.093394,0.088394243
2021/4/13,sh.000001,3411.2928,3425.3945,3387.902,3396.47,3412.9477,27062605400,2.9054E+11,-0.4828,0.078411436
2021/4/14,sh.000001,3397.021,3420.0278,3392.9751,3416.7212,3396.47,23324232700,2.6901E+11,0.596243,0.143733539
2021/4/15,sh.000001,3409.6139,3409.6139,3373.0939,3398.9875,3416.7212,23400505400,2.72569E+11,-0.519027,0.134847935
2021/4/16,sh.000001,3407.188,3432.6286,3394.1344,3426.6178,3398.9875,25857967200,2.95951E+11,0.812898,0.174214417
2021/4/19,sh.000001,3427.548,3479.0099,3414.3564,3477.5485,3426.6178,30273581900,3.68472E+11,1.486326,0.136701129
2021/4/20,sh.000001,3467.1481,3494.2983,3463.4637,3472.9427,3477.5485,28530008200,3.58983E+11,-0.132444,0.177532607
2021/4/21,sh.000001,3456.2991,3481.2511,3450.1113,3472.9298,3472.9427,25377785900,3.23914E+11,-0.000371,0.119000363
2021/4/22,sh.000001,3482.8328,3485.3585,3456.3156,3465.1138,3472.9298,25111451000,3.17081E+11,-0.225055,0.146453637
2021/4/23,sh.000001,3462.0858,3482.3587,3456.3329,3474.166,3465.1138,24936043300,3.23016E+11,0.261238,0.129740838
2021/4/26,sh.000001,3484.1072,3497.1208,3438.5724,3441.1658,3474.166,27697077100,3.88162E+11,-0.949874,0.111869564
2021/4/27,sh.000001,3440.0911,3443.8538,3417.2647,3442.6111,3441.1658,25303239300,3.27046E+11,0.042,0.089380837
2021/4/28,sh.000001,3432.1612,3457.0683,3423.325,3457.0683,3442.6111,24738112000,3.49669E+11,0.419949,0.094984476
2021/4/29,sh.000001,3458.0819,3478.2278,3447.5878,3474.9011,3457.0683,27663138700,3.71612E+11,0.515836,0.088561585
2021/4/30,sh.000001,3468.3022,3469.0872,3426.9023,3446.8564,3474.9011,31266035400,4.01442E+11,-0.807065,0.210204893
2021/5/6,sh.000001,3446.0743,3471.2396,3426.8487,3441.2826,3446.8564,31042419200,4.00525E+11,-0.161707,0.098863406
2021/5/7,sh.000001,3446.407,3457.8924,3416.7755,3418.8741,3441.2826,35378538900,4.11079E+11,-0.651167,0.07871795
2021/5/10,sh.000001,3423.5896,3429.7359,3401.9346,3427.9909,3418.8741,37417088400,3.99718E+11,0.266661,0.096771485
2021/5/11,sh.000001,3406.598,3448.0959,3384.6966,3441.8454,3427.9909,35093411200,3.90326E+11,0.404158,0.099362546
2021/5/12,sh.000001,3429.7544,3466.3708,3428.3944,3462.7513,3441.8454,31144454700,3.4386E+11,0.607404,0.170341801
2021/5/13,sh.000001,3432.138,3448.0169,3418.3846,3429.5361,3462.7513,31932532700,3.56377E+11,-0.959214,0.096174763
2021/5/14,sh.000001,3436.0919,3490.6437,3422.5649,3490.3762,3429.5361,33698230900,4.11117E+11,1.774004,0.1098317
2021/5/17,sh.000001,3490.4091,3530.5055,3490.1438,3517.6158,3490.3762,32213596900,4.24477E+11,0.78042,0.108938498
2021/5/18,sh.000001,3520.6488,3529.0144,3510.862,3529.0144,3517.6158,27130855800,3.36029E+11,0.324043,0.099231763
2021/5/19,sh.000001,3521.1097,3521.1097,3503.8151,3510.9647,3529.0144,27832111700,3.49973E+11,-0.511466,0.126617066
2021/5/20,sh.000001,3500.8773,3517.7399,3486.0662,3506.9444,3510.9647,32600933300,3.90355E+11,-0.114507,0.108372071
2021/5/21,sh.000001,3510.8353,3518.3769,3479.6744,3486.5569,3506.9444,28382628500,3.56026E+11,-0.581347,0.089854433
2021/5/24,sh.000001,3486.2711,3498.3037,3469.8746,3497.2821,3486.5569,28950924200,3.67182E+11,0.307616,0.093339707
2021/5/25,sh.000001,3502.539,3584.5774,3502.4429,3581.3418,3497.2821,34124112700,4.72214E+11,2.403572,0.138188755
2021/5/26,sh.000001,3586.8388,3603.4881,3585.3695,3593.357,3581.3418,34198028800,4.55831E+11,0.335494,0.276146632
2021/5/27,sh.000001,3585.7337,3626.3584,3579.2601,3608.8507,3593.357,30955148600,4.29004E+11,0.431176,0.098944096
2021/5/28,sh.000001,3610.7668,3622.1801,3582.358,3600.7844,3608.8507,34920883000,4.52445E+11,-0.223514,0.089568231
2021/5/31,sh.000001,3600.0702,3615.6568,3580.6524,3615.4773,3600.7844,33152377000,4.49694E+11,0.408047,0.111322822
2021/6/1,sh.000001,3608.5978,3626.0737,3581.9115,3624.7138,3615.4773,35281141300,4.71663E+11,0.255471,0.089708412
2021/6/2,sh.000001,3626.3283,3629.2896,3584.5955,3597.1379,3624.7138,34855842000,4.54678E+11,-0.760775,0.087276265
2021/6/3,sh.000001,3595.4215,3618.5067,3584.2054,3584.2121,3597.1379,35423303100,4.43507E+11,-0.359336,0.090478432
2021/6/4,sh.000001,3565.4716,3618.8001,3561.8907,3591.8447,3584.2121,33089303800,4.35281E+11,0.212951,0.081659382
2021/6/7,sh.000001,3597.1413,3600.3759,3581.8988,3599.541,3591.8447,30371867700,4.3222E+11,0.214272,0.102258032
2021/6/8,sh.000001,3598.7527,3621.5227,3563.2503,3580.1063,3599.541,30449147000,4.43162E+11,-0.539922,0.179104144
2021/6/9,sh.000001,3576.8015,3598.7082,3572.6364,3591.3965,3580.1063,29832329600,4.03236E+11,0.315359,0.100120157
2021/6/10,sh.000001,3587.5282,3624.3433,3584.1332,3610.859,3591.3965,31817480800,4.42117E+11,0.54192,0.082203983
2021/6/11,sh.000001,3614.1134,3614.4038,3587.1491,3589.7481,3610.859,36055497000,4.95373E+11,-0.58465,0.081846154
2021/6/15,sh.000001,3587.4658,3592.9465,3547.187,3556.559,3589.7481,34916856600,4.44719E+11,-0.924552,0.08555408
2021/6/16,sh.000001,3556.7139,3561.0921,3513.5592,3518.3292,3556.559,31259730600,4.10609E+11,-1.07491,0.065758594
2021/6/17,sh.000001,3508.317,3534.1976,3507.3535,3525.6042,3518.3292,27722991800,3.88761E+11,0.206774,0.096341969
2021/6/18,sh.000001,3520.4966,3535.6221,3503.1833,3525.0968,3525.6042,29670858500,4.46297E+11,-0.014392,0.097530219
2021/6/21,sh.000001,3515.5006,3540.2959,3504.0075,3529.1826,3525.0968,28089827700,4.26563E+11,0.115906,0.096785114
2021/6/22,sh.000001,3539.7876,3560.1946,3536.812,3557.412,3529.1826,30753639900,4.37092E+11,0.799885,0.174862681
2021/6/23,sh.000001,3559.3988,3577.4661,3549.8482,3566.2199,3557.412,31070951800,4.70348E+11,0.247593,0.080149163
2021/6/24,sh.000001,3568.5758,3570.4874,3548.8161,3566.6539,3566.2199,33544075400,4.61274E+11,0.01217,0.09073698
2021/6/25,sh.000001,3567.3772,3614.2981,3564.5199,3607.5618,3566.6539,34608783200,4.83899E+11,1.146955,0.093330476
2021/6/28,sh.000001,3612.2469,3614.3574,3594.2174,3606.3722,3607.5618,32127497400,4.5603E+11,-0.032975,0.100937426
2021/6/29,sh.000001,3601.6772,3601.8265,3570.5253,3573.1779,3606.3722,30607117800,4.40899E+11,-0.920435,0.095941922
2021/6/30,sh.000001,3572.6236,3594.1185,3569.501,3591.197,3573.1779,26816281800,4.14698E+11,0.504288,0.094606871
2021/7/1,sh.000001,3600.5464,3607.7049,3573.9374,3588.7816,3591.197,29188319200,4.50639E+11,-0.067259,0.120060414
2021/7/2,sh.000001,3569.8919,3569.8919,3514.3386,3518.7595,3588.7816,29194554800,4.52263E+11,-1.951139,0.102683109
2021/7/5,sh.000001,3516.9228,3534.3222,3510.5781,3534.3222,3518.7595,28809483700,4.45432E+11,0.442278,0.092691821
2021/7/6,sh.000001,3533.1304,3538.347,3496.9276,3530.2589,3534.3222,31407021100,4.92887E+11,-0.114967,0.072106488
2021/7/7,sh.000001,3508.5901,3557.879,3504.4723,3553.7155,3530.2589,31883918900,4.57608E+11,0.664444,0.118287875
2021/7/8,sh.000001,3557.2177,3558.6772,3521.0579,3525.5039,3553.7155,35087785700,5.26859E+11,-0.793862,0.08396969
2021/7/9,sh.000001,3512.2334,3529.3098,3485.0543,3524.0881,3525.5039,34988431700,4.93021E+11,-0.040159,0.09070028
2021/7/12,sh.000001,3545.1977,3565.0321,3527.3927,3547.8362,3524.0881,40363955800,5.64759E+11,0.673879,0.110783998
2021/7/13,sh.000001,3547.5897,3567.4813,3542.8154,3566.5225,3547.8362,36241671100,5.11917E+11,0.526696,0.098623625
2021/7/14,sh.000001,3560.8281,3560.8281,3525.4938,3528.5011,3566.5225,37222172200,5.07716E+11,-1.066064,0.109874739
2021/7/15,sh.000001,3519.063,3565.9347,3514.258,3564.5902,3528.5011,36325916400,5.07482E+11,1.022788,0.10808852
2021/7/16,sh.000001,3559.526,3565.9992,3537.7288,3539.3038,3564.5902,36601477900,5.18641E+11,-0.709377,0.12814876
2021/7/19,sh.000001,3530.4932,3544.8793,3506.3423,3539.1225,3539.3038,33676094600,4.86952E+11,-0.005122,0.083140472
2021/7/20,sh.000001,3515.0718,3538.6361,3509.1916,3536.7905,3539.1225,29378059400,4.2265E+11,-0.065892,0.098891087
2021/7/21,sh.000001,3543.0534,3569.0898,3543.0534,3562.6611,3536.7905,33897874800,5.1724E+11,0.731471,0.175069315
2021/7/22,sh.000001,3563.6608,3576.4732,3558.2933,3574.7344,3562.6611,38106705400,5.66769E+11,0.338884,0.153330476
2021/7/23,sh.000001,3571.7152,3571.8541,3541.5101,3550.3964,3574.7344,44642124600,6.04195E+11,-0.680834,0.106784243
2021/7/26,sh.000001,3538.0143,3538.0143,3424.7424,3467.4409,3550.3964,44288220300,6.39061E+11,-2.336514,0.050184489
2021/7/27,sh.000001,3467.4473,3483.8738,3380.2763,3381.1833,3467.4409,46907544300,7.02741E+11,-2.487644,0.060234249
2021/7/28,sh.000001,3355.8189,3385.536,3312.7206,3361.5895,3381.1833,39582541900,5.64698E+11,-0.579495,0.080184489
2021/7/29,sh.000001,3403.8383,3416.6071,3382.571,3411.724,3361.5895,34456942800,5.39749E+11,1.491393,0.103919213
2021/7/30,sh.000001,3398.196,3404.8813,3370.4506,3397.3574,3411.724,38144095600,5.68821E+11,-0.421095,0.079485751
2021/8/2,sh.000001,3385.6902,3464.2914,3367.643,3464.2854,3397.3574,43292787100,6.57886E+11,1.970002,0.108833547
2021/8/3,sh.000001,3446.7841,3470.6571,3435.4619,3447.9914,3464.2854,40069808100,6.03419E+11,-0.470342,0.081616352
2021/8/4,sh.000001,3442.9368,3477.5972,3440.7835,3477.2186,3447.9914,34874421800,5.46821E+11,0.847659,0.099819012
2021/8/5,sh.000001,3461.7185,3486.1572,3449.3885,3466.5491,3477.2186,34843692200,5.40401E+11,-0.30684,0.089429248
2021/8/6,sh.000001,3465.4842,3466.3904,3436.9317,3458.2277,3466.5491,33682440000,5.16407E+11,-0.240049,0.088095421
2021/8/9,sh.000001,3441.7502,3502.841,3438.703,3494.6348,3458.2277,34991009400,5.39499E+11,1.052768,0.116761401
2021/8/10,sh.000001,3488.6642,3529.9309,3477.0641,3529.9309,3494.6348,34511299200,5.5344E+11,1.010008,0.09532155
2021/8/11,sh.000001,3527.1093,3544.0941,3524.0444,3532.6213,3529.9309,38378355400,5.41943E+11,0.076217,0.090950508
2021/8/12,sh.000001,3522.7238,3538.396,3513.4457,3524.7374,3532.6213,38107459300,5.38163E+11,-0.223174,0.123482081
2021/8/13,sh.000001,3514.4671,3540.0799,3500.7995,3516.2989,3524.7374,37818728200,5.32908E+11,-0.239408,0.121006818
2021/8/16,sh.000001,3514.3445,3537.85,3510.8976,3517.3447,3516.2989,39109972100,5.35459E+11,0.029741,0.103932677
2021/8/17,sh.000001,3512.109,3531.7249,3438.1233,3446.976,3517.3447,42288580400,5.70431E+11,-2.00062,0.07020788
2021/8/18,sh.000001,3442.3472,3487.4364,3437.6908,3485.2859,3446.976,38920375600,5.35463E+11,1.111406,0.100090718
2021/8/19,sh.000001,3475.298,3480.4598,3446.0146,3465.5546,3485.2859,38238303100,5.37927E+11,-0.566131,0.082376784
2021/8/20,sh.000001,3442.5062,3453.1531,3394.9723,3427.3338,3465.5546,39113691800,5.52668E+11,-1.102877,0.082557505
2021/8/23,sh.000001,3436.7963,3481.2543,3436.6706,3477.1321,3427.3338,38472744000,5.64308E+11,1.452975,0.104177293
2021/8/24,sh.000001,3482.2658,3522.6973,3481.1409,3514.471,3477.1321,43023646300,6.16084E+11,1.073842,0.085745984
2021/8/25,sh.000001,3517.9151,3540.3948,3510.0664,3540.3837,3514.471,45004701900,5.98612E+11,0.737314,0.113585659
2021/8/26,sh.000001,3537.3139,3537.3155,3499.4529,3501.6643,3540.3837,50290314700,6.22393E+11,-1.09365,0.089367277
2021/8/27,sh.000001,3494.4176,3530.1927,3493.375,3522.1567,3501.6643,45534590600,5.95519E+11,0.585219,0.142249542
2021/8/30,sh.000001,3535.0727,3539.494,3512.9929,3528.1512,3522.1567,51278571600,6.99116E+11,0.170194,0.10709223
2021/8/31,sh.000001,3519.0245,3543.9402,3496.3891,3543.9402,3528.1512,52420505600,7.03505E+11,0.447515,0.099750872
2021/9/1,sh.000001,3543.8663,3582.3236,3514.6744,3567.1008,3543.9402,66727630500,8.42529E+11,0.653527,0.105676699
2021/9/2,sh.000001,3559.9025,3597.3656,3557.6769,3597.0426,3567.1008,57268403900,6.91113E+11,0.839388,0.140017502
2021/9/3,sh.000001,3602.7421,3613.948,3569.3989,3581.7344,3597.0426,61453235300,7.43841E+11,-0.425577,0.112785809
2021/9/6,sh.000001,3580.1413,3626.2865,3580.1413,3621.8593,3581.7344,52171327600,6.54086E+11,1.120265,0.154101611
2021/9/7,sh.000001,3621.7099,3681.9254,3615.1444,3676.5866,3621.8593,54772187500,6.58868E+11,1.511028,0.219613152
2021/9/8,sh.000001,3673.4023,3695.3204,3660.9998,3675.1865,3676.5866,58643619300,6.74348E+11,-0.038082,0.150679325
2021/9/9,sh.000001,3666.8246,3693.4499,3662.1633,3693.1296,3675.1865,60481033000,6.79465E+11,0.488223,0.100536517
2021/9/10,sh.000001,3691.1856,3722.8732,3681.6415,3703.1103,3693.1296,63520043300,7.59085E+11,0.27025,0.103404139
2021/9/13,sh.000001,3699.2534,3716.8315,3692.8157,3715.3723,3703.1103,55748401900,6.96192E+11,0.331127,0.108069307
2021/9/14,sh.000001,3709.6336,3723.8451,3655.6341,3662.6015,3715.3723,56495238600,6.93778E+11,-1.420337,0.085085435
2021/9/15,sh.000001,3651.1583,3677.5265,3638.3225,3656.2232,3662.6015,47497000100,6.04232E+11,-0.174147,0.100874438
2021/9/16,sh.000001,3664.841,3677.9198,3606.7276,3607.0922,3656.2232,54674147400,6.73955E+11,-1.343764,0.0901359
2021/9/17,sh.000001,3595.2715,3620.9575,3569.2707,3613.9663,3607.0922,51685021000,6.28834E+11,0.190572,0.088034595
2021/9/22,sh.000001,3563.2074,3629.4539,3560.5033,3628.4897,3613.9663,47229605300,5.59875E+11,0.401869,0.113520103
2021/9/23,sh.000001,3651.2661,3670.9542,3632.2822,3642.2204,3628.4897,53499548600,6.33219E+11,0.378414,0.131458853
2021/9/24,sh.000001,3637.8677,3651.4294,3607.7919,3613.0673,3642.2204,50730477200,6.06789E+11,-0.800421,0.100709109
2021/9/27,sh.000001,3625.9597,3640.8077,3559.9154,3582.8307,3613.0673,51080279500,6.40674E+11,-0.836868,0.086266207
2021/9/28,sh.000001,3577.8859,3610.917,3568.8189,3602.2184,3582.8307,44416880700,5.00082E+11,0.541128,0.089856539
2021/9/29,sh.000001,3573.5178,3573.5178,3518.0477,3536.2944,3602.2184,45251115100,5.11107E+11,-1.830094,0.096130374
2021/9/30,sh.000001,3541.9283,3572.4259,3541.9283,3568.1668,3536.2944,39562962600,4.45735E+11,0.901294,0.132218992
2021/10/8,sh.000001,3609.0874,3612.5539,3571.7338,3592.1666,3568.1668,40716114800,4.92965E+11,0.672609,0.09742454
2021/10/11,sh.000001,3600.3569,3614.6988,3586.7487,3591.7087,3592.1666,39436115900,4.68674E+11,-0.012747,0.090614213
2021/10/12,sh.000001,3581.2967,3583.6391,3515.1408,3546.9362,3591.7087,40539374800,4.61983E+11,-1.246552,0.078771438
2021/10/13,sh.000001,3543.4918,3569.1332,3515.6481,3561.7623,3546.9362,32505066700,4.0502E+11,0.417997,0.093157663
2021/10/14,sh.000001,3555.1085,3569.6864,3547.182,3558.2795,3561.7623,29496919600,3.77519E+11,-0.097783,0.08384569
2021/10/15,sh.000001,3551.9874,3578.7661,3542.6932,3572.3662,3558.2795,32029298400,4.25925E+11,0.395885,0.080604568
2021/10/18,sh.000001,3571.0482,3571.0482,3539.4779,3568.1379,3572.3662,34095061600,4.55788E+11,-0.118361,0.102407818
2021/10/19,sh.000001,3562.2955,3596.7875,3560.6221,3593.1533,3568.1379,33419765200,4.40182E+11,0.701077,0.104130387
2021/10/20,sh.000001,3583.2364,3596.0499,3574.2957,3587.0009,3593.1533,34424500800,4.50483E+11,-0.171226,0.083177681
2021/10/21,sh.000001,3590.0496,3610.9602,3576.3547,3594.7831,3587.0009,35231086700,4.53572E+11,0.216956,0.088063898
2021/10/22,sh.000001,3594.7457,3607.5776,3578.7602,3582.6036,3594.7831,35315720300,4.55441E+11,-0.33881,0.077225565
2021/10/25,sh.000001,3574.2631,3611.0908,3564.2059,3609.8626,3582.6036,32119681600,4.43962E+11,0.760871,0.119871032
2021/10/26,sh.000001,3612.8332,3625.0156,3589.706,3597.6377,3609.8626,33727829100,4.6518E+11,-0.338653,0.093053399
2021/10/27,sh.000001,3589.8573,3589.8573,3553.1277,3562.3052,3597.6377,35062094000,4.70778E+11,-0.982103,0.088728864
2021/10/28,sh.000001,3548.7021,3552.0419,3509.4872,3518.4166,3562.3052,37817166600,5.02983E+11,-1.232028,0.074782706
2021/10/29,sh.000001,3519.3276,3547.3361,3502.8013,3547.3361,3518.4166,35880937700,5.27232E+11,0.821946,0.108488213
2021/11/1,sh.000001,3530.3963,3556.59,3519.2901,3544.4795,3547.3361,38225132500,5.641E+11,-0.080528,0.114624998
2021/11/2,sh.000001,3543.3827,3559.0478,3477.664,3505.6283,3544.4795,41756317300,5.85519E+11,-1.096105,0.086207844
2021/11/3,sh.000001,3501.1051,3512.6089,3480.4877,3498.5368,3505.6283,30660766900,4.49115E+11,-0.202289,0.086704944
2021/11/4,sh.000001,3505.8944,3527.9517,3503.0059,3526.8657,3498.5368,31944082900,4.68829E+11,0.809736,0.116198739
2021/11/5,sh.000001,3520.2073,3525.8723,3491.4565,3491.5677,3526.8657,35453356500,4.85823E+11,-1.000832,0.078263173
2021/11/8,sh.000001,3491.9709,3507.2744,3484.2399,3498.6308,3491.5677,29818372200,4.21968E+11,0.20229,0.100111349
2021/11/9,sh.000001,3507.1075,3514.9512,3489.0431,3507.0018,3498.6308,28731598900,4.21201E+11,0.239265,0.096191648
2021/11/10,sh.000001,3498.9445,3498.9445,3448.4378,3492.4616,3507.0018,30703070800,4.43113E+11,-0.414605,0.100007353
2021/11/11,sh.000001,3486.451,3534.1991,3482.8291,3532.7858,3492.4616,32208795700,4.64804E+11,1.154607,0.120331635
2021/11/12,sh.000001,3534.1512,3543.648,3527.3896,3539.1002,3532.7858,30868335400,4.43398E+11,0.178737,0.161450756
2021/11/15,sh.000001,3542.9034,3550.4438,3521.2924,3533.3026,3539.1002,31301761200,4.64065E+11,-0.163816,0.103751669
2021/11/16,sh.000001,3530.4575,3549.7654,3517.8065,3521.7867,3533.3026,31039990900,4.44701E+11,-0.325925,0.098539242
2021/11/17,sh.000001,3518.5646,3537.5125,3513.523,3537.3662,3521.7867,27673567100,4.01552E+11,0.442375,0.117283342
2021/11/18,sh.000001,3531.4923,3537.9758,3513.1136,3520.7106,3537.3662,31242692700,4.32898E+11,-0.470847,0.088877604
2021/11/19,sh.000001,3519.2758,3561.9127,3517.6514,3560.3734,3520.7106,31798997600,4.40594E+11,1.126557,0.100081109
2021/11/22,sh.000001,3562.7628,3585.1876,3562.7505,3582.0797,3560.3734,33000938500,5.09123E+11,0.609664,0.134170558
2021/11/23,sh.000001,3580.5058,3598.3749,3577.3608,3589.0894,3582.0797,36001159300,5.08084E+11,0.195688,0.106625981
2021/11/24,sh.000001,3590.0189,3602.7354,3575.2884,3592.7025,3589.0894,33677524600,4.8102E+11,0.100669,0.102932433
2021/11/25,sh.000001,3593.3883,3597.1478,3579.5333,3584.1788,3592.7025,30645151800,4.50559E+11,-0.23725,0.08384325
2021/11/26,sh.000001,3576.1136,3576.1136,3554.8798,3564.0894,3584.1788,30100006600,4.34625E+11,-0.560502,0.094131242
2021/11/29,sh.000001,3528.672,3563.677,3526.3551,3562.6968,3564.0894,33361833100,4.90038E+11,-0.039073,0.133771289
2021/11/30,sh.000001,3570.7468,3582.115,3546.3618,3563.8872,3562.6968,34918793800,4.93606E+11,0.033413,0.110691448
2021/12/1,sh.000001,3561.886,3576.8853,3558.691,3576.8853,3563.8872,32987351700,4.67523E+11,0.364717,0.104944019
2021/12/2,sh.000001,3573.2468,3586.867,3567.137,3573.8358,3576.8853,35404152400,4.68425E+11,-0.085256,0.08067931
2021/12/3,sh.000001,3576.4496,3608.4698,3573.2135,3607.4322,3573.8358,37755104800,4.93566E+11,0.940066,0.116654721
2021/12/6,sh.000001,3615.2356,3626.1257,3586.8052,3589.3061,3607.4322,41867674300,5.2823E+11,-0.502465,0.105880945
2021/12/7,sh.000001,3611.217,3614.2228,3572.5688,3595.0882,3589.3061,40384259400,5.24119E+11,0.161092,0.092986379
2021/12/8,sh.000001,3602.824,3637.715,3591.9857,3637.5675,3595.0882,36103665700,4.86034E+11,1.181593,0.102121048
2021/12/9,sh.000001,3641.1579,3688.3968,3638.7022,3673.0412,3637.5675,43191815700,5.68529E+11,0.975204,0.09359795
2021/12/10,sh.000001,3654.3684,3667.8547,3651.3525,3666.3479,3673.0412,41998880100,5.56324E+11,-0.182228,0.180603015
2021/12/13,sh.000001,3686.9368,3708.9424,3678.0583,3681.082,3666.3479,42409200900,5.74188E+11,0.401874,0.15595732
2021/12/14,sh.000001,3669.8067,3671.6784,3654.6561,3661.5253,3681.082,36217193400,4.87469E+11,-0.531276,0.096803259
2021/12/15,sh.000001,3655.0489,3668.4016,3645.2425,3647.6303,3661.5253,37747766700,4.81134E+11,-0.379487,0.104155118
2021/12/16,sh.000001,3648.9271,3675.016,3644.6646,3675.016,3647.6303,38132950700,4.65911E+11,0.750781,0.108121269
2021/12/17,sh.000001,3670.2578,3673.6535,3631.6605,3632.3638,3675.016,40848783700,4.91953E+11,-1.160599,0.095152422
2021/12/20,sh.000001,3620.0371,3643.9537,3589.3603,3593.6019,3632.3638,42385141000,4.91829E+11,-1.067126,0.093696125
2021/12/21,sh.000001,3591.4519,3627.0884,3591.4519,3625.1251,3593.6019,40818434800,4.28379E+11,0.877203,0.109329231
2021/12/22,sh.000001,3632.6763,3635.8992,3616.5477,3622.6178,3625.1251,39482517700,4.32451E+11,-0.069165,0.080373318
2021/12/23,sh.000001,3625.4695,3643.5459,3618.048,3643.3391,3622.6178,38292573400,4.49988E+11,0.571998,0.076031853
2021/12/24,sh.000001,3645.3948,3648.9556,3612.0673,3618.0535,3643.3391,39034762500,4.76261E+11,-0.694023,0.092984631
2021/12/27,sh.000001,3613.0469,3632.188,3601.9351,3615.9741,3618.0535,32923529300,4.07483E+11,-0.057473,0.095482435
2021/12/28,sh.000001,3619.6419,3631.0766,3607.3643,3630.1115,3615.9741,31620224200,4.08761E+11,0.390971,0.096683892
2021/12/29,sh.000001,3630.9159,3630.9159,3596.3225,3597.0002,3630.1115,30513176600,4.10425E+11,-0.912129,0.088300946
2021/12/30,sh.000001,3596.4921,3628.9177,3595.4957,3619.1886,3597.0002,30783929100,4.13948E+11,0.616858,0.086905001
2021/12/31,sh.000001,3626.242,3642.843,3624.9419,3639.7754,3619.1886,32968193200,4.3349E+11,0.568824,0.132494508
